NSTACK =       1343880
NBUFFER =      3363368
MAXUSE_STACK =  0.097   

MAXUSE_CON   =  7       

MAXUSE_EFC   =  5.6     

WARNING

TIMER
    0:  duration = 0   number = 0
    1:  duration = 4.21281   number = 15
    2:  duration = 0   number = 0
    3:  duration = 3.26522   number = 15
    4:  duration = 0.171277   number = 15
    5:  duration = 0.024265   number = 15
    6:  duration = 0.05598   number = 15
    7:  duration = 0.465446   number = 15
    8:  duration = 0.321875   number = 15
    9:  duration = 0.143849   number = 15
    10:  duration = 2.60325   number = 15
    11:  duration = 0.175204   number = 15
    12:  duration = 0.005828   number = 15

SOLVER_ITER = 1
SOLVER_NNZ = 324
    0:  improvement = 0   gradient = 5.67421e-15   linseslope = 0
         nactive = 16   nchange = 0   neval = 2   nupdate = 0

SOLVER_FWDINV
   0         0        
  
NE =           0
NF =           0
NEFC =         16
NCON =         4
TIME =         0.096   
ENERGY =       0         0       

QPOS
  -0.0011   
   9.8e-06  
  -0.044    
   1        
  -0.00027  
   0.0016   
  -8.1e-07  
  -0.22     
   0.072    
  -0.013    
   0.22     
   0.12     
   0.011    
  -0.22     
  -0.01     
   0.0024   
   0.22     
  -0.026    
   0.00027  
  
QVEL
   0.0043   
  -0.00029  
  -0.94     
   0.06     
  -0.026    
  -0.018    
   0.23     
  -0.38     
   0.32     
  -0.24     
  -0.35     
  -0.36     
  -0.49     
   0.04     
  -0.095    
   0.09     
   0.036    
  -0.014    
  
ACT
  
QACC_WARMSTART
   6.1      
  -6        
   1.2e+02  
  -6.9e+02  
   6.9e+02  
  -60       
   8.7e+03  
  -4.1e+03  
   1.2e+04  
  -5.3e+03  
  -1.1e+03  
   2.2e+03  
   8.7e+03  
   6.5e+03  
  -1.3e+04  
  -7.1e+03  
   4.4e+03  
  -8e+03    
  
CTRL
   0        
   0        
   0        
   0        
   0        
   0        
   0        
   0        
   0        
   0        
   0        
   0        
  
QFRC_APPLIED
   0        
   0        
   0        
   0        
   0        
   0        
   0        
   0        
   0        
   0        
   0        
   0        
   0        
   0        
   0        
   0        
   0        
   0        
   0        
  
XFRC_APPLIED
   0         0         0         0         0         0        
   0         0         0         0         0         0        
   0         0         0         0         0         0        
   0         0         0         0         0         0        
   0         0         0         0         0         0        
   0         0         0         0         0         0        
   0         0         0         0         0         0        
   0         0         0         0         0         0        
   0         0         0         0         0         0        
   0         0         0         0         0         0        
   0         0         0         0         0         0        
   0         0         0         0         0         0        
   0         0         0         0         0         0        
   0         0         0         0         0         0        
  
QACC
   6.1      
  -6        
   1.2e+02  
  -6.9e+02  
   6.9e+02  
  -60       
   8.7e+03  
  -4.1e+03  
   1.2e+04  
  -5.3e+03  
  -1.1e+03  
   2.2e+03  
   8.7e+03  
   6.5e+03  
  -1.3e+04  
  -7.1e+03  
   4.4e+03  
  -8e+03    
  
ACT_DOT
  
MOCAP_POS
  
MOCAP_QUAT
  
USERDATA
  
SENSOR
  -0.22     
   0.072    
  -0.013    
   0.22     
   0.12     
   0.011    
  -0.22     
  -0.01     
   0.0024   
   0.22     
  -0.026    
   0.00027  
   0.23     
  -0.38     
   0.32     
  -0.24     
  -0.35     
  -0.36     
  -0.49     
   0.04     
  -0.095    
   0.09     
   0.036    
  -0.014    
   0.0074   
   0.00021  
  -0.94     
   5.6      
  -6        
   1.3e+02  
   0.06     
  -0.026    
  -0.018    
   1.5e+02  
  -1.6e+03  
   4.5e+02  
   1.5e+02  
  -4.5e+02  
   5.6e+02  
  -26       
  -22       
   2.1e+02  
   2.5e+02  
   1.6e+03  
  -4.5e+02  
   2.5e+02  
   4e+02    
  -5e+02    
   21       
   18       
  -1.6e+02  
  -21       
   70       
   4.6e+02  
  -21       
  -2e+02    
   4e+02    
   4.7      
  -22       
   2e+02    
  -53       
  -2.2e+02  
  -4.5e+02  
  -53       
   1.8e+02  
  -4.2e+02  
   0.48     
   21       
  -1.9e+02  
   1.1e+03  
   1e+02    
   1.2e+02  
  -8.6e+02  
  -1.7      
  -1.1e+02  
   1e+03    
  -2.1e+02  
  -23       
  -1e+03    
  -1.6e+02  
  -6.9      
  
XPOS
   0         0         0        
  -0.0011    9.8e-06  -0.044    
   0.2      -0.082    -0.075    
   0.2      -0.13     -0.063    
   0.07     -0.16     -0.28     
   0.2       0.082    -0.075    
   0.2       0.14     -0.063    
   0.082     0.16     -0.29     
  -0.24     -0.082    -0.074    
  -0.24     -0.13     -0.062    
  -0.38     -0.16     -0.27     
  -0.24      0.082    -0.074    
  -0.24      0.14     -0.061    
  -0.39      0.16     -0.27     
  
XQUAT
   1         0         0         0        
   1        -0.00027   0.0016   -8.1e-07  
   0.55      0.44      0.55      0.44     
   0.57      0.42      0.54      0.46     
   0.56      0.43      0.54      0.46     
   0.44      0.55      0.44      0.55     
   0.47      0.52      0.41      0.58     
   0.48      0.52      0.4       0.58     
   0.55      0.44      0.55      0.44     
   0.55      0.45      0.56      0.44     
   0.55      0.44      0.55      0.44     
   0.44      0.55      0.44      0.55     
   0.43      0.56      0.45      0.55     
   0.43      0.56      0.45      0.55     
  
XMAT
   1         0         0         0         1         0         0         0         1        
   1         7.5e-07   0.0033   -2.5e-06   1         0.00053  -0.0033   -0.00053   1        
  -0.00071   0.0032    1         0.98      0.22     -8.5e-06  -0.22      0.98     -0.0033   
  -0.00071  -0.069     1         0.98      0.22      0.016    -0.22      0.97      0.067    
  -0.00071  -0.056     1         0.98      0.22      0.013    -0.22      0.97      0.054    
   0.00072   0.0032    1         0.98     -0.22     -8.5e-06   0.22      0.98     -0.0033   
   0.00072  -0.12      0.99      0.98     -0.22     -0.027     0.22      0.97      0.12     
   0.00072  -0.13      0.99      0.98     -0.22     -0.029     0.22      0.97      0.13     
  -0.00071   0.0032    1         0.98      0.22     -8.5e-06  -0.22      0.98     -0.0033   
  -0.00071   0.013     1         0.98      0.22     -0.0022   -0.22      0.98     -0.013    
  -0.00071   0.011     1         0.98      0.22     -0.0017   -0.22      0.98     -0.011    
   0.00072   0.0032    1         0.98     -0.22     -8.5e-06   0.22      0.98     -0.0033   
   0.00072   0.029     1         0.98     -0.22      0.0056    0.22      0.98     -0.029    
   0.00072   0.029     1         0.98     -0.22      0.0056    0.22      0.98     -0.028    
  
XIPOS
   0         0         0        
  -0.012     4.8e-05  -0.05     
   0.2      -0.062    -0.079    
   0.16     -0.14     -0.1      
   0.06     -0.2      -0.46     
   0.2       0.062    -0.079    
   0.16      0.15     -0.11     
   0.086     0.21     -0.47     
  -0.24     -0.062    -0.078    
  -0.28     -0.14     -0.1      
  -0.41     -0.2      -0.45     
  -0.24      0.062    -0.078    
  -0.28      0.14     -0.099    
  -0.41      0.2      -0.45     
  
XIMAT
   1         0         0         0         1         0         0         0         1        
  -0.0013    0.0031    1         0.023    -1         0.0031    1         0.023     0.0013   
  -0.00071   0.0032    1         0.98      0.22     -8.5e-06  -0.22      0.98     -0.0033   
  -0.00071  -0.069     1         0.98      0.22      0.016    -0.22      0.97      0.067    
   1         0.00071   0.034     0.008    -0.98     -0.22      0.033     0.22     -0.98     
   0.00072   0.0032    1         0.98     -0.22     -8.5e-06   0.22      0.98     -0.0033   
   0.00072  -0.12      0.99      0.98     -0.22     -0.027     0.22      0.97      0.12     
   0.99     -0.00072   0.11     -0.024    -0.98      0.22      0.11     -0.22     -0.97     
  -0.00071   0.0032    1         0.98      0.22     -8.5e-06  -0.22      0.98     -0.0033   
  -0.00071   0.013     1         0.98      0.22     -0.0022   -0.22      0.98     -0.013    
   1         0.00071  -0.033    -0.0066   -0.98     -0.22     -0.033     0.22     -0.98     
   0.00072   0.0032    1         0.98     -0.22     -8.5e-06   0.22      0.98     -0.0033   
   0.00072   0.029     1         0.98     -0.22      0.0056    0.22      0.98     -0.029    
   1        -0.00072  -0.051     0.01     -0.98      0.22     -0.05     -0.22     -0.97     
  
XANCHOR
  -0.0011    9.8e-06  -0.044    
   0.2      -0.082    -0.075    
   0.2      -0.13     -0.063    
   0.07     -0.16     -0.28     
   0.2       0.082    -0.075    
   0.2       0.14     -0.063    
   0.082     0.16     -0.29     
  -0.24     -0.082    -0.074    
  -0.24     -0.13     -0.062    
  -0.38     -0.16     -0.27     
  -0.24      0.082    -0.074    
  -0.24      0.14     -0.061    
  -0.39      0.16     -0.27     
  
XAXIS
   0         0         1        
   1        -8.5e-06  -0.0033   
   0.00071  -0.98      0.22     
   0.00071  -0.98      0.22     
   1        -8.5e-06  -0.0033   
  -0.00072  -0.98     -0.22     
  -0.00072  -0.98     -0.22     
   1        -8.5e-06  -0.0033   
   0.00071  -0.98      0.22     
   0.00071  -0.98      0.22     
   1        -8.5e-06  -0.0033   
  -0.00072  -0.98     -0.22     
  -0.00072  -0.98     -0.22     
  
GEOM_XPOS
   0         0        -0.6      
  -0.012     4.8e-05  -0.05     
   0.2      -0.067    -0.078    
   0.16     -0.15     -0.12     
   0.064    -0.19     -0.43     
   0.062    -0.22     -0.52     
   0.2       0.067    -0.078    
   0.2       0.067    -0.078    
   0.17      0.15     -0.12     
   0.086     0.2      -0.43     
   0.093     0.22     -0.53     
  -0.24     -0.067    -0.076    
  -0.24     -0.067    -0.076    
  -0.28     -0.15     -0.11     
  -0.4      -0.19     -0.41     
  -0.41     -0.21     -0.51     
  -0.24      0.067    -0.076    
  -0.28      0.15     -0.11     
  -0.41      0.19     -0.41     
  -0.42      0.21     -0.51     
  
GEOM_XMAT
   1         0         0         0         1         0         0         0         1        
  -0.0013    0.0031    1         0.023    -1         0.0031    1         0.023     0.0013   
   0.0033    1         0.037     0.19     -0.037     0.98      0.98      0.0037   -0.19     
   0.83     -0.048    -0.56     -0.069    -1        -0.017    -0.55      0.053    -0.83     
   0.0042    1        -0.016     0.98     -0.0077   -0.22     -0.22     -0.015    -0.98     
  -0.00071  -0.056     1         0.98      0.22      0.013    -0.22      0.97      0.054    
   0.0033    1        -0.037    -0.19      0.037     0.98      0.98      0.0037    0.19     
   0.0033    1        -0.037    -0.19      0.037     0.98      0.98      0.0037    0.19     
   0.86      0.034    -0.51      0.053    -1         0.021    -0.51     -0.045    -0.86     
   0.0056    1         0.059     0.98     -0.018     0.22      0.22      0.056    -0.97     
   0.00072  -0.13      0.99      0.98     -0.22     -0.029     0.22      0.97      0.13     
   0.0033    1         0.037     0.19     -0.037     0.98      0.98      0.0037   -0.19     
   0.0033    1         0.037     0.19     -0.037     0.98      0.98      0.0037   -0.19     
   0.78     -0.061    -0.62     -0.084    -1        -0.0064   -0.62      0.057    -0.78     
   0.0042    1        -0.083     0.98     -0.022    -0.22     -0.22     -0.08     -0.97     
  -0.00071   0.011     1         0.98      0.22     -0.0017   -0.22      0.98     -0.011    
   0.0033    1        -0.037    -0.19      0.037     0.98      0.98      0.0037    0.19     
   0.77      0.06     -0.63      0.079    -1         0.0027   -0.63     -0.052    -0.77     
   0.0056    0.99     -0.1       0.98      0.016     0.22      0.22     -0.1      -0.97     
   0.00072   0.029     1         0.98     -0.22      0.0056    0.22      0.98     -0.028    
  
SITE_XPOS
  -0.0011    9.8e-06  -0.044    
   0.2      -0.082    -0.075    
   0.2      -0.13     -0.063    
   0.07     -0.16     -0.28     
   0.062    -0.22     -0.52     
   0.2       0.082    -0.075    
   0.2       0.14     -0.063    
   0.082     0.16     -0.29     
   0.093     0.22     -0.53     
  -0.24     -0.082    -0.074    
  -0.24     -0.13     -0.062    
  -0.38     -0.16     -0.27     
  -0.41     -0.21     -0.51     
  -0.24      0.082    -0.074    
  -0.24      0.14     -0.061    
  -0.39      0.16     -0.27     
  -0.42      0.21     -0.51     
  
SITE_XMAT
   1         7.5e-07   0.0033   -2.5e-06   1         0.00053  -0.0033   -0.00053   1        
  -0.00071   0.0032    1         0.98      0.22     -8.5e-06  -0.22      0.98     -0.0033   
  -0.00071  -0.069     1         0.98      0.22      0.016    -0.22      0.97      0.067    
  -0.00071  -0.056     1         0.98      0.22      0.013    -0.22      0.97      0.054    
  -0.00071  -0.056     1         0.98      0.22      0.013    -0.22      0.97      0.054    
   0.00072   0.0032    1         0.98     -0.22     -8.5e-06   0.22      0.98     -0.0033   
   0.00072  -0.12      0.99      0.98     -0.22     -0.027     0.22      0.97      0.12     
   0.00072  -0.13      0.99      0.98     -0.22     -0.029     0.22      0.97      0.13     
   0.00072  -0.13      0.99      0.98     -0.22     -0.029     0.22      0.97      0.13     
  -0.00071   0.0032    1         0.98      0.22     -8.5e-06  -0.22      0.98     -0.0033   
  -0.00071   0.013     1         0.98      0.22     -0.0022   -0.22      0.98     -0.013    
  -0.00071   0.011     1         0.98      0.22     -0.0017   -0.22      0.98     -0.011    
  -0.00071   0.011     1         0.98      0.22     -0.0017   -0.22      0.98     -0.011    
   0.00072   0.0032    1         0.98     -0.22     -8.5e-06   0.22      0.98     -0.0033   
   0.00072   0.029     1         0.98     -0.22      0.0056    0.22      0.98     -0.029    
   0.00072   0.029     1         0.98     -0.22      0.0056    0.22      0.98     -0.028    
   0.00072   0.029     1         0.98     -0.22      0.0056    0.22      0.98     -0.028    
  
CAM_XPOS
  
CAM_XMAT
  
LIGHT_XPOS
   0         0         1.3      
  
LIGHT_XDIR
  -0         0        -1        
  
SUBTREE_COM
  -0.033     0.00036  -0.089    
  -0.033     0.00036  -0.089    
   0.16     -0.12     -0.14     
   0.14     -0.15     -0.17     
   0.06     -0.2      -0.46     
   0.17      0.12     -0.14     
   0.15      0.16     -0.17     
   0.086     0.21     -0.47     
  -0.28     -0.12     -0.13     
  -0.3      -0.15     -0.16     
  -0.41     -0.2      -0.45     
  -0.28      0.12     -0.13     
  -0.3       0.15     -0.16     
  -0.41      0.2      -0.45     
  
CDOF
   0         0         0         1         0         0        
   0         0         0         0         1         0        
   0         0         0         0         0         1        
   1        -2.5e-06  -0.0033    1.2e-06   0.045     0.00035  
   7.5e-07   1        -0.00053  -0.045     1.7e-05   0.032    
   0.0033    0.00053   1        -0.00037  -0.031     1.8e-05  
   1        -8.5e-06  -0.0033    0.00027   0.015     0.082    
   0.00071  -0.98      0.22     -0.0044   -0.05     -0.22     
   0.00071  -0.98      0.22     -0.22     -0.023    -0.1      
   1        -8.5e-06  -0.0033   -0.00027   0.015    -0.081    
  -0.00072  -0.98     -0.22     -0.0042    0.05     -0.23     
  -0.00072  -0.98     -0.22     -0.23      0.025    -0.11     
   1        -8.5e-06  -0.0033    0.00027   0.015     0.082    
   0.00071  -0.98      0.22     -0.003     0.045     0.2      
   0.00071  -0.98      0.22     -0.21      0.077     0.34     
   1        -8.5e-06  -0.0033   -0.00027   0.015    -0.081    
  -0.00072  -0.98     -0.22     -0.0028   -0.045     0.2      
  -0.00072  -0.98     -0.22     -0.21     -0.077     0.35     
  
CINERT
   0         0         0         0         0         0         0         0         0         0        
   0.084     0.39      0.38     -0.00084  -0.012     0.00048   0.29     -0.0043    0.54      14       
   0.0045    0.058     0.063     0.016    -0.0024    0.00065   0.25     -0.069     0.01      1.1      
   0.032     0.058     0.089     0.042     0.0047   -0.0035    0.3      -0.22     -0.024     1.5      
   0.062     0.051     0.017     0.0064    0.012    -0.026     0.032    -0.069    -0.13      0.34     
   0.0044    0.058     0.063    -0.016    -0.0024   -0.00064   0.25      0.068     0.01      1.1      
   0.033     0.059     0.091    -0.044     0.0052    0.0039    0.3       0.22     -0.027     1.5      
   0.064     0.055     0.019    -0.0083    0.015     0.027     0.04      0.07     -0.13      0.34     
   0.0045    0.047     0.051    -0.014     0.0025    0.00075  -0.23     -0.069     0.012     1.1      
   0.032     0.094     0.12     -0.054    -0.0043   -0.0025   -0.38     -0.22     -0.017     1.5      
   0.059     0.093     0.062    -0.026    -0.046    -0.025    -0.13     -0.068    -0.12      0.34     
   0.0044    0.047     0.051     0.014     0.0025   -0.00074  -0.23      0.068     0.012     1.1      
   0.032     0.094     0.13      0.055    -0.004     0.0023   -0.38      0.22     -0.016     1.5      
   0.058     0.094     0.063     0.026    -0.046     0.025    -0.13      0.068    -0.12      0.34     
  
TEN_LENGTH
  
TEN_MOMENT
  
ACTUATOR_LENGTH
  -1.3      
   0.43     
  -0.08     
   1.3      
   0.74     
   0.068    
  -1.3      
  -0.061    
   0.014    
   1.3      
  -0.16     
   0.0016   
  
ACTUATOR_MOMENT
   0         0         0         0         0         0         6         0         0         0         0         0         0         0         0         0         0         0        
   0         0         0         0         0         0         0         6         0         0         0         0         0         0         0         0         0         0        
   0         0         0         0         0         0         0         0         6         0         0         0         0         0         0         0         0         0        
   0         0         0         0         0         0         0         0         0         6         0         0         0         0         0         0         0         0        
   0         0         0         0         0         0         0         0         0         0         6         0         0         0         0         0         0         0        
   0         0         0         0         0         0         0         0         0         0         0         6         0         0         0         0         0         0        
   0         0         0         0         0         0         0         0         0         0         0         0         6         0         0         0         0         0        
   0         0         0         0         0         0         0         0         0         0         0         0         0         6         0         0         0         0        
   0         0         0         0         0         0         0         0         0         0         0         0         0         0         6         0         0         0        
   0         0         0         0         0         0         0         0         0         0         0         0         0         0         0         6         0         0        
   0         0         0         0         0         0         0         0         0         0         0         0         0         0         0         0         6         0        
   0         0         0         0         0         0         0         0         0         0         0         0         0         0         0         0         0         6        
  
CRB
   0         0         0         0         0         0         0         0         0         0        
   0.47      1.2       1.2      -0.0026   -0.075     0.0013   -1.1e-16  -5.6e-17   3.9e-16   26       
   0.099     0.17      0.17      0.065     0.014    -0.029     0.58     -0.36     -0.14      3        
   0.094     0.11      0.11      0.049     0.017    -0.03      0.33     -0.29     -0.15      1.9      
   0.062     0.051     0.017     0.0064    0.012    -0.026     0.032    -0.069    -0.13      0.34     
   0.1       0.17      0.17     -0.067     0.018     0.03      0.59      0.36     -0.15      3        
   0.097     0.11      0.11     -0.052     0.021     0.031     0.34      0.29     -0.16      1.9      
   0.064     0.055     0.019    -0.0083    0.015     0.027     0.04      0.07     -0.13      0.34     
   0.095     0.23      0.24     -0.094    -0.048    -0.026    -0.73     -0.36     -0.13      3        
   0.09      0.19      0.19     -0.08     -0.05     -0.027    -0.51     -0.29     -0.14      1.9      
   0.059     0.093     0.062    -0.026    -0.046    -0.025    -0.13     -0.068    -0.12      0.34     
   0.094     0.23      0.24      0.095    -0.048     0.026    -0.73      0.36     -0.13      3        
   0.09      0.19      0.19      0.081    -0.05      0.027    -0.51      0.29     -0.14      1.9      
   0.058     0.094     0.063     0.026    -0.046     0.025    -0.13      0.068    -0.12      0.34     
  
QM
   26        0         0         3.2e-05  -1.2      -0.0096   -0.00037   0.2       0.064     0.00039   0.21      0.064    -0.00036   0.19      0.063     0.00038   0.19      0.063    
   0         26        0         1.2       0.00044  -0.82      0.18     -0.023    -0.00071   0.19      0.02     -0.00034   0.17     -0.026    -0.0016    0.17      0.026     0.0019   
   0         0         26        0.009     0.82      0.00047  -0.11     -0.1      -0.0034    0.12     -0.089     0.0013   -0.11     -0.12     -0.0075    0.12     -0.12     -0.0086   
   3.2e-05   1.2       0.009     0.53     -0.0022   -0.11      0.08      0.012     0.00035   0.083    -0.011     0.00017   0.076     0.014     0.0008    0.075    -0.014    -0.00094  
  -1.2       0.00044   0.82     -0.0022    1.3       0.0017    0.014    -0.051    -0.027    -0.016    -0.053    -0.028    -0.037    -0.098    -0.029     0.039    -0.098    -0.03     
  -0.0096   -0.82      0.00047  -0.11      0.0017    1.2       0.017     0.035     0.013     0.021    -0.036    -0.013    -0.065     0.044     0.013    -0.065    -0.045    -0.014    
  -0.00037   0.18     -0.11      0.08      0.014     0.017     0.065     0.0046    0.00011   0         0         0         0         0         0         0         0         0        
   0.2      -0.023    -0.1       0.012    -0.051     0.035     0.0046    0.068     0.027     0         0         0         0         0         0         0         0         0        
   0.064    -0.00071  -0.0034    0.00035  -0.027     0.013     0.00011   0.027     0.013     0         0         0         0         0         0         0         0         0        
   0.00039   0.19      0.12      0.083    -0.016     0.021     0         0         0         0.067    -0.0043    5.5e-05   0         0         0         0         0         0        
   0.21      0.02     -0.089    -0.011    -0.053    -0.036     0         0         0        -0.0043    0.068     0.027     0         0         0         0         0         0        
   0.064    -0.00034   0.0013    0.00017  -0.028    -0.013     0         0         0         5.5e-05   0.027     0.013     0         0         0         0         0         0        
  -0.00036   0.17     -0.11      0.076    -0.037    -0.065     0         0         0         0         0         0         0.061     0.0052    0.00025   0         0         0        
   0.19     -0.026    -0.12      0.014    -0.098     0.044     0         0         0         0         0         0         0.0052    0.068     0.027     0         0         0        
   0.063    -0.0016   -0.0075    0.0008   -0.029     0.013     0         0         0         0         0         0         0.00025   0.027     0.013     0         0         0        
   0.00038   0.17      0.12      0.075     0.039    -0.065     0         0         0         0         0         0         0         0         0         0.061    -0.0056   -0.0003   
   0.19      0.026    -0.12     -0.014    -0.098    -0.045     0         0         0         0         0         0         0         0         0        -0.0056    0.068     0.027    
   0.063     0.0019   -0.0086   -0.00094  -0.03     -0.014     0         0         0         0         0         0         0         0         0        -0.0003    0.027     0.013    
  
QLD
   23        0.00051   0.11     -0.018    -0.38     -2e-05    -0.45      6.4       5         0.45      6.7       5        -0.46      5.5       5         0.49      5.4       5        
   0.00051   22       -0.0016    2.8       0.01     -0.39      3        -2        -0.056     3         1.9      -0.027     3.1      -2.1      -0.13      3.1       2.1       0.15     
   0.11     -0.0016    22        0.013     0.28     -0.0077   -1.2      -9        -0.27      1.2      -8.5       0.1      -1.2      -9.3      -0.59      1.2      -9.5      -0.69     
  -0.018     2.8       0.013     0.12     -0.0026   -0.037     1.2       1.1       0.027     1.2      -1         0.013     1.2       1.1       0.063     1.2      -1.2      -0.074    
  -0.38      0.01      0.28     -0.0026    0.76      0.001     0.17      0.69     -2.1      -0.2       0.58     -2.2      -0.36     -3.3      -2.3       0.37     -3.3      -2.4      
  -2e-05    -0.39     -0.0077   -0.037     0.001     0.93      0.22      0.68      1         0.27     -0.75     -1.1      -1.2       1.5       1.1      -1.2      -1.5      -1.1      
  -0.45      3        -1.2       1.2       0.17      0.22      0.063     0.41      0.0084    0         0         0         0         0         0         0         0         0        
   6.4      -2        -9         1.1       0.69      0.68      0.41      0.01      2.1       0         0         0         0         0         0         0         0         0        
   5        -0.056    -0.27      0.027    -2.1       1         0.0084    2.1       0.013     0         0         0         0         0         0         0         0         0        
   0.45      3         1.2       1.2      -0.2       0.27      0         0         0         0.066    -0.41      0.0043    0         0         0         0         0         0        
   6.7       1.9      -8.5      -1         0.58     -0.75      0         0         0        -0.41      0.011     2.1       0         0         0         0         0         0        
   5        -0.027     0.1       0.013    -2.2      -1.1       0         0         0         0.0043    2.1       0.013     0         0         0         0         0         0        
  -0.46      3.1      -1.2       1.2      -0.36     -1.2       0         0         0         0         0         0         0.059     0.43      0.019     0         0         0        
   5.5      -2.1      -9.3       1.1      -3.3       1.5       0         0         0         0         0         0         0.43      0.011     2.1       0         0         0        
   5        -0.13     -0.59      0.063    -2.3       1.1       0         0         0         0         0         0         0.019     2.1       0.013     0         0         0        
   0.49      3.1       1.2       1.2       0.37     -1.2       0         0         0         0         0         0         0         0         0         0.058    -0.47     -0.024    
   5.4       2.1      -9.5      -1.2      -3.3      -1.5       0         0         0         0         0         0         0         0         0        -0.47      0.011     2.1      
   5         0.15     -0.69     -0.074    -2.4      -1.1       0         0         0         0         0         0         0         0         0        -0.024     2.1       0.013    
  
QLDIAGINV
   0.044    
   0.045    
   0.045    
   8.1      
   1.3      
   1.1      
   16       
   95       
   79       
   15       
   92       
   79       
   17       
   93       
   79       
   17       
   95       
   79       
  
QLDIAGSQRTINV
   0.21     
   0.21     
   0.21     
   2.8      
   1.2      
   1        
   4        
   9.8      
   8.9      
   3.9      
   9.6      
   8.9      
   4.1      
   9.6      
   8.9      
   4.1      
   9.7      
   8.9      
  
CONTACT
  0:
     dim           3
     geom          1 3
     exclude       0
     efc_address   0
     solref        0.02      1       
     solimp        0.9       0.95      0.001     0.5       2       
     dist          -0.14115
     includemargin 0.00000
     pos           0.16571 -0.11797 -0.07071
     frame         0.71821 -0.66297 -0.21129   0.15526 -0.14331 0.97742   -0.67828 -0.73480 -0.00000
     friction      1.00000 1.00000 0.00500 0.00010 0.00010
     mu            1.00000
  1:
     dim           3
     geom          1 8
     exclude       0
     efc_address   4
     solref        0.02      1       
     solimp        0.9       0.95      0.001     0.5       2       
     dist          -0.14006
     includemargin 0.00000
     pos           0.16582 0.12018 -0.07305
     frame         0.73681 0.65438 -0.17002   0.12712 0.11290 0.98544   0.66405 -0.74769 -0.00000
     friction      1.00000 1.00000 0.00500 0.00010 0.00010
     mu            1.00000
  2:
     dim           3
     geom          1 13
     exclude       0
     efc_address   8
     solref        0.02      1       
     solimp        0.9       0.95      0.001     0.5       2       
     dist          -0.05875
     includemargin 0.00000
     pos           -0.21385 -0.10814 -0.06185
     frame         -0.67958 -0.70899 -0.18842   -0.13038 -0.13603 0.98209   -0.72192 0.69198 -0.00000
     friction      1.00000 1.00000 0.00500 0.00010 0.00010
     mu            1.00000
  3:
     dim           3
     geom          1 17
     exclude       0
     efc_address   12
     solref        0.02      1       
     solimp        0.9       0.95      0.001     0.5       2       
     dist          -0.05605
     includemargin 0.00000
     pos           -0.21160 0.11123 -0.06668
     frame         -0.67782 0.69875 -0.22871   -0.15925 0.16416 0.97349   0.71777 0.69628 -0.00000
     friction      1.00000 1.00000 0.00500 0.00010 0.00010
     mu            1.00000

EFC_TYPE
  6 
  6 
  6 
  6 
  6 
  6 
  6 
  6 
  6 
  6 
  6 
  6 
  6 
  6 
  6 
  6 
  
EFC_ID
  0 
  0 
  0 
  0 
  1 
  1 
  1 
  1 
  2 
  2 
  2 
  2 
  3 
  3 
  3 
  3 
  
EFC_J
   0         0         0         0         0         0        -0.025    -0.015     0         0         0         0         0         0         0         0         0         0        
   0         0         0         0         0         0         0.045     0.043     0         0         0         0         0         0         0         0         0         0        
   0         0         0         0         0         0         0.013     0.017     0         0         0         0         0         0         0         0         0         0        
   0         0         0         0         0         0         0.0072    0.011     0         0         0         0         0         0         0         0         0         0        
   0         0         0         0         0         0         0         0         0         0.03     -0.015     0         0         0         0         0         0         0        
   0         0         0         0         0         0         0         0         0        -0.045     0.044     0         0         0         0         0         0         0        
   0         0         0         0         0         0         0         0         0        -0.0062    0.014     0         0         0         0         0         0         0        
   0         0         0         0         0         0         0         0         0        -0.0092    0.016     0         0         0         0         0         0         0        
   0         0         0         0         0         0         0         0         0         0         0         0        -0.011     0.02      0         0         0         0        
   0         0         0         0         0         0         0         0         0         0         0         0         0.038    -0.029     0         0         0         0        
   0         0         0         0         0         0         0         0         0         0         0         0         0.0053    0.0031    0         0         0         0        
   0         0         0         0         0         0         0         0         0         0         0         0         0.021    -0.013     0         0         0         0        
   0         0         0         0         0         0         0         0         0         0         0         0         0         0         0         0.016     0.015     0        
   0         0         0         0         0         0         0         0         0         0         0         0         0         0         0        -0.039    -0.036     0        
   0         0         0         0         0         0         0         0         0         0         0         0         0         0         0        -0.017    -0.015     0        
   0         0         0         0         0         0         0         0         0         0         0         0         0         0         0        -0.0069   -0.0057    0        
  
EFC_AR
   0         0         0         0         0         0         0         0         0         0         0         0         0         0         0         0        
   0         0         0         0         0         0         0         0         0         0         0         0         0         0         0         0        
   0         0         0         0         0         0         0         0         0         0         0         0         0         0         0         0        
   0         0         0         0         0         0         0         0         0         0         0         0         0         0         0         0        
   0         0         0         0         0         0         0         0         0         0         0         0         0         0         0         0        
   0         0         0         0         0         0         0         0         0         0         0         0         0         0         0         0        
   0         0         0         0         0         0         0         0         0         0         0         0         0         0         0         0        
   0         0         0         0         0         0         0         0         0         0         0         0         0         0         0         0        
   0         0         0         0         0         0         0         0         0         0         0         0         0         0         0         0        
   0         0         0         0         0         0         0         0         0         0         0         0         0         0         0         0        
   0         0         0         0         0         0         0         0         0         0         0         0         0         0         0         0        
   0         0         0         0         0         0         0         0         0         0         0         0         0         0         0         0        
   0         0         0         0         0         0         0         0         0         0         0         0         0         0         0         0        
   0         0         0         0         0         0         0         0         0         0         0         0         0         0         0         0        
   0         0         0         0         0         0         0         0         0         0         0         0         0         0         0         0        
   0         0         0         0         0         0         0         0         0         0         0         0         0         0         0         0        
  
EFC_POS
  -0.14     
  -0.14     
  -0.14     
  -0.14     
  -0.14     
  -0.14     
  -0.14     
  -0.14     
  -0.059    
  -0.059    
  -0.059    
  -0.059    
  -0.056    
  -0.056    
  -0.056    
  -0.056    
  
EFC_MARGIN
   0        
   0        
   0        
   0        
   0        
   0        
   0        
   0        
   0        
   0        
   0        
   0        
   0        
   0        
   0        
   0        
  
EFC_FRICTIONLOSS
   0        
   0        
   0        
   0        
   0        
   0        
   0        
   0        
   0        
   0        
   0        
   0        
   0        
   0        
   0        
   0        
  
EFC_DIAGAPPROX
   0.9      
   0.9      
   0.9      
   0.9      
   0.9      
   0.9      
   0.9      
   0.9      
   0.91     
   0.91     
   0.91     
   0.91     
   0.91     
   0.91     
   0.91     
   0.91     
  
EFC_KBIP
   2.8e+03   1.1e+02   0.95      0        
   2.8e+03   1.1e+02   0.95      0        
   2.8e+03   1.1e+02   0.95      0        
   2.8e+03   1.1e+02   0.95      0        
   2.8e+03   1.1e+02   0.95      0        
   2.8e+03   1.1e+02   0.95      0        
   2.8e+03   1.1e+02   0.95      0        
   2.8e+03   1.1e+02   0.95      0        
   2.8e+03   1.1e+02   0.95      0        
   2.8e+03   1.1e+02   0.95      0        
   2.8e+03   1.1e+02   0.95      0        
   2.8e+03   1.1e+02   0.95      0        
   2.8e+03   1.1e+02   0.95      0        
   2.8e+03   1.1e+02   0.95      0        
   2.8e+03   1.1e+02   0.95      0        
   2.8e+03   1.1e+02   0.95      0        
  
EFC_D
   21       
   21       
   21       
   21       
   21       
   21       
   21       
   21       
   21       
   21       
   21       
   21       
   21       
   21       
   21       
   21       
  
EFC_R
   0.047    
   0.047    
   0.047    
   0.047    
   0.047    
   0.047    
   0.047    
   0.047    
   0.048    
   0.048    
   0.048    
   0.048    
   0.048    
   0.048    
   0.048    
   0.048    
  
TEN_VELOCITY
  
ACTUATOR_VELOCITY
   1.4      
  -2.3      
   1.9      
  -1.4      
  -2.1      
  -2.1      
  -2.9      
   0.24     
  -0.57     
   0.54     
   0.21     
  -0.083    
  
CVEL
   0         0         0         0         0         0        
   0.06     -0.026    -0.019     0.0055    0.003    -0.95     
   0.29     -0.026    -0.019     0.0056    0.0063   -0.93     
   0.29      0.35     -0.1       0.0073    0.026    -0.84     
   0.29      0.035    -0.033    -0.064     0.018    -0.87     
  -0.18     -0.026    -0.018     0.0056   -0.00056  -0.93     
  -0.18      0.32      0.059     0.0071   -0.018    -0.85     
  -0.18      0.67      0.14      0.088    -0.027    -0.81     
  -0.43     -0.026    -0.017     0.0054   -0.0042   -0.99     
  -0.43     -0.065    -0.0082    0.0053   -0.0024   -0.98     
  -0.43      0.027    -0.029     0.025    -0.0097   -1        
   0.15     -0.026    -0.019     0.0055    0.0043   -0.95     
   0.15     -0.061    -0.027     0.0054    0.0027   -0.95     
   0.15     -0.048    -0.024     0.0083    0.0037   -0.95     
  
CDOF_DOT
   0         0         0         0         0         0        
   0         0         0         0         0         0        
   0         0         0         0         0         0        
   0         0        -0        -1.4e-06  -0.94      0.00029  
  -0         0         0         0.94      1.6e-06   0.0043   
   0         0         0         0.00021  -0.0074    3.3e-06  
   8.6e-05  -0.018     0.026    -0.0019   -0.95     -0.0021   
  -0.025    -0.063    -0.28     -0.9       0.063    -0.02     
  -0.025    -0.063    -0.28     -0.85      0.05      0.063    
   8.6e-05  -0.018     0.026     0.0024   -0.94     -0.0021   
  -0.012    -0.039     0.18     -0.9      -0.039    -0.015    
  -0.012    -0.039     0.18     -0.86     -0.031     0.061    
   8.6e-05  -0.018     0.026    -0.0019   -0.95     -0.0021   
  -0.022     0.094     0.42     -0.97      0.085    -0.025    
  -0.022     0.094     0.42     -0.98      0.15     -0.052    
   8.6e-05  -0.018     0.026     0.0024   -0.94     -0.0021   
  -0.013     0.032    -0.15     -0.94     -0.028    -0.012    
  -0.013     0.032    -0.15     -0.95     -0.044    -0.029    
  
QFRC_BIAS
   0.022    
   0.011    
   2.5e+02  
   0.087    
   8        
  -0.0021   
  -1.1      
  -0.99     
  -0.032    
   1.2      
  -0.88     
   0.014    
  -1.1      
  -1.1      
  -0.075    
   1.1      
  -1.2      
  -0.085    
  
QFRC_PASSIVE
   0        
   0        
   0        
   0        
   0        
   0        
   4.5e+02  
  -1.5e+02  
   26       
  -4.5e+02  
  -2.5e+02  
  -21       
   4.6e+02  
   21       
  -4.7      
  -4.5e+02  
   53       
  -0.48     
  
EFC_VEL
   0.00021  
  -0.0062   
  -0.0033   
  -0.0027   
  -0.0021   
  -0.0045   
  -0.0033   
  -0.0033   
   0.0061   
  -0.02     
  -0.0025   
  -0.011    
   0.002    
  -0.0048   
  -0.002    
  -0.00082  
  
EFC_AREF
   3.7e+02  
   3.7e+02  
   3.7e+02  
   3.7e+02  
   3.7e+02  
   3.7e+02  
   3.7e+02  
   3.7e+02  
   1.5e+02  
   1.6e+02  
   1.5e+02  
   1.6e+02  
   1.5e+02  
   1.5e+02  
   1.5e+02  
   1.5e+02  
  
SUBTREE_LINVEL
   0         0         0        
   0         0         0        
   0         0         0        
   0         0         0        
   0         0         0        
   0         0         0        
   0         0         0        
   0         0         0        
   0         0         0        
   0         0         0        
   0         0         0        
   0         0         0        
   0         0         0        
   0         0         0        
  
SUBTREE_ANGMOM
   0         0         0        
   0         0         0        
   0         0         0        
   0         0         0        
   0         0         0        
   0         0         0        
   0         0         0        
   0         0         0        
   0         0         0        
   0         0         0        
   0         0         0        
   0         0         0        
   0         0         0        
   0         0         0        
  
ACTUATOR_FORCE
   0        
   0        
   0        
   0        
   0        
   0        
   0        
   0        
   0        
   0        
   0        
   0        
  
QFRC_ACTUATOR
   0        
   0        
   0        
   0        
   0        
   0        
   0        
   0        
   0        
   0        
   0        
   0        
   0        
   0        
   0        
   0        
   0        
   0        
  
QFRC_UNC
  -0.022    
  -0.011    
  -2.5e+02  
  -0.087    
  -8        
   0.0021   
   4.5e+02  
  -1.5e+02  
   26       
  -4.5e+02  
  -2.5e+02  
  -21       
   4.6e+02  
   22       
  -4.7      
  -4.5e+02  
   54       
  -0.39     
  
QACC_UNC
   1.5e+02  
  -8.8      
  -54       
   1.9e+02  
   9.4e+02  
   8.8      
   8.1e+03  
  -2.5e+04  
   5.6e+04  
  -8.2e+03  
  -2.4e+04  
   5.1e+04  
   7.6e+03  
   1.2e+03  
  -1.6e+03  
  -7.9e+03  
   3.6e+03  
  -6.4e+03  
  
EFC_B
  -1.9e+02  
  -1.1e+03  
  -6.8e+02  
  -6e+02    
  -2.6e+02  
  -1.1e+03  
  -6.5e+02  
  -6.7e+02  
  -2.1e+02  
   97       
  -1.1e+02  
  -6.5      
  -2.2e+02  
   34       
  -69       
  -1.1e+02  
  
EFC_FORCE
   1.1e+04  
   3.4e+03  
   6.9e+03  
   7.6e+03  
   1.1e+04  
   3.7e+03  
   7.4e+03  
   7.1e+03  
   2.6e+03  
   3.5e+02  
   1.9e+03  
   1.1e+03  
   4e+03    
   5.2e+02  
   2e+03    
   2.6e+03  
  
EFC_STATE
  1 
  1 
  1 
  1 
  1 
  1 
  1 
  1 
  1 
  1 
  1 
  1 
  1 
  1 
  1 
  1 
  
QFRC_CONSTRAINT
   0        
   0        
   0        
   0        
   0        
   0        
   30       
   1.8e+02  
   0        
   43       
   2.2e+02  
   0        
   18       
   32       
   0        
  -7.3      
  -0.63     
   0        
  
QFRC_INVERSE
   0        
   0        
   0        
   0        
   0        
   0        
   0        
   0        
   0        
   0        
   0        
   0        
   0        
   0        
   0        
   0        
   0        
   0        
  
CACC
   0         0         0        -0        -0         9.8      
  -6.9e+02   6.9e+02  -59       -25       -35        1.6e+02  
   8e+03     6.9e+02  -87       -22        92        8.7e+02  
   8e+03     4.7e+03  -9.9e+02  -3.7       3e+02     1.8e+03  
   8e+03    -7.3e+03   1.7e+03  -2.7e+03   21        5.6e+02  
  -6e+03     6.9e+02  -41       -23       -1.1e+02   5.9e+02  
  -6e+03     1.8e+03   2.1e+02  -18       -1.7e+02   8.5e+02  
  -6e+03    -3.4e+02  -2.7e+02  -5.2e+02  -1.1e+02   6e+02    
   8e+03     6.9e+02  -87       -22        93        8.7e+02  
   8e+03    -5.6e+03   1.3e+03  -42        3.9e+02   2.2e+03  
   8e+03     6.6e+03  -1.4e+03   2.6e+03  -5.7e+02  -2.1e+03  
  -7.8e+03   6.9e+02  -35       -23       -1.4e+02   7.3e+02  
  -7.8e+03  -3.6e+03  -9.9e+02  -35       -3.4e+02   1.6e+03  
  -7.8e+03   4.2e+03   7.5e+02   1.6e+03   2.8e+02  -1.2e+03  
  
CFRC_INT
   3.4e-13  -8.5e-13   2.3e-13  -3.6e-12  -3.6e-12  -6.8e-13  
   3.4e-13  -8.5e-13   2.3e-13  -3.6e-12  -3.6e-12  -6.8e-13  
   2.9e+02  -1.4e+02   1.4e+03  -2.3e+04   2.1e+04  -1.7e+03  
   3e+02    -87        1.4e+03  -2.3e+04   2.1e+04  -1.9e+03  
   4.3e+02  -36        1.2e+02   1.1e+02   1.1e+03  -1.3e+02  
  -3.8e+02   2.1e+02  -1.3e+03  -2.3e+04  -2.1e+04  -2.7e+03  
  -3.8e+02   2.3e+02  -1.3e+03  -2.3e+04  -2.1e+04  -2.8e+03  
  -3.6e+02   67       -75       -1.1e+02  -8.3e+02  -2e+02    
   5e+02    -2.4e+02  -5.7e+02   5.1e+03   5.1e+03  -1.5e+03  
   5.4e+02  -3.5e+02  -5.6e+02   5.1e+03   5.1e+03  -2.1e+03  
   4.4e+02  -1.5e+02  -3.7e+02  -26        9.7e+02  -4.3e+02  
  -4.9e+02  -2.8e+02   7.8e+02   7.3e+03  -7.7e+03  -1.9e+03  
  -5.2e+02  -3.7e+02   7.7e+02   7.4e+03  -7.7e+03  -2.3e+03  
  -4.2e+02  -1.4e+02   3.7e+02  -12       -9.5e+02  -3.8e+02  
  
CFRC_EXT
   0         0         0         0         0         0        
  -1.2e+02  -2.3e+02   2.5e+02  -3.3e+04  -2.5e+03  -5.8e+03  
   0         0         0         0         0         0        
   2e+02     1.3e+02  -1.3e+03   2.2e+04  -2e+04     1.4e+03  
   0         0         0         0         0         0        
   0         0         0         0         0         0        
  -68       -45        1.2e+03   2.3e+04   2e+04     2e+03    
   0         0         0         0         0         0        
   0         0         0         0         0         0        
  -11        64        1.8e+02  -4.8e+03  -3.9e+03   1.1e+03  
   0         0         0         0         0         0        
   0         0         0         0         0         0        
   3         78       -3.7e+02  -7.1e+03   6.5e+03   1.3e+03  
   0         0         0         0         0         0        
  
